([],
 [9136,
  9312,
  9393,
  9416,
  9449,
  9503,
  9553,
  9511,
  9574,
  9450,
  9560,
  9575,
  9573,
  9565,
  9572,
  9578,
  9580,
  9566,
  9607,
  9547,
  9608,
  9585,
  9549,
  9603,
  9602,
  9582,
  9597,
  9545,
  9549,
  9560],
 [1.2966606122005102,
  0.9348095156702664,
  0.724843908563769,
  0.602332256438519,
  0.5397295945132115,
  0.4616420336828214,
  0.42711035884497406,
  0.4541062845918413,
  0.39564326615953804,
  0.4663019776628434,
  0.3944595738385591,
  0.38389838128301257,
  0.38933793216954193,
  0.38457603386972405,
  0.39511382587256905,
  0.37593765982832933,
  0.3721489943086542,
  0.3996913585495919,
  0.3690873868462408,
  0.41271438172285324,
  0.3786646134021587,
  0.3744984131214033,
  0.39569497531877423,
  0.36527449118261124,
  0.3735946565155963,
  0.38741247391312206,
  0.3738868425303401,
  0.40674043901490775,
  0.3915377556868239,
  0.38573802214135144],
 [])